406.775 368.14 96.9857 53.348 28.2637 34.3376 0.971344 0.9643
339.309 1045.98 80.9865 158.208 29.0467 31.9685 0.97232 0.956411
161.8 322.037 38.8065 45.0818 32.2418 34.7798 0.979082 0.966632
81.0402 298.254 19.6124 42.7005 35.2055 35.2236 0.980436 0.96866
61.0275 270.326 14.8503 38.8326 36.4134 35.6644 0.982769 0.968698
101.686 259.782 24.5197 37.0463 34.2357 35.7889 0.980597 0.969071
85.1887 251.121 20.5972 36.4193 34.9927 35.9542 0.981457 0.969488
154.972 478.151 37.2044 68.6104 32.4249 33.3053 0.970804 0.95914
222.726 302.608 53.2733 44.6284 30.8657 35.0771 0.977557 0.965945
173.648 331.344 41.6319 49.8754 31.9365 35.2017 0.973079 0.966059
84.015 272.919 20.3135 39.8532 35.053 35.7459 0.98026 0.968856
138.595 278.218 33.2856 39.7112 32.9082 35.6662 0.983295 0.968588
119.792 294.505 28.8163 41.1117 33.5344 35.3407 0.978311 0.967346
80.0135 281.112 19.3768 44.1731 35.258 35.7709 0.981939 0.9685
79.9699 268.258 19.3594 39.1954 35.2619 35.849 0.981967 0.96909
345.532 282.944 82.4601 39.9421 28.9684 35.4993 0.976121 0.967434
67.2667 276.117 16.3276 41.6028 36.0016 35.7553 0.980198 0.968493
189.022 259.783 45.2648 37.1983 31.5732 35.9894 0.979129 0.968847
133.811 274.972 32.1571 39.0735 33.058 35.7734 0.978739 0.968791
179.35 244.018 42.9668 34.7229 31.7995 36.2264 0.979774 0.970084
129.233 258.128 31.0602 36.6845 33.2088 36.1291 0.978545 0.969465
147.169 252.021 35.3211 36.4707 32.6505 36.1528 0.979349 0.969668
71.7306 276.618 17.3988 38.8734 35.7256 35.9242 0.982226 0.968816
304.64 248.31 72.7502 35.5041 29.5125 36.1121 0.975633 0.969293
65.1694 251.378 15.8397 35.61 36.1333 36.1859 0.982734 0.969865
88.808 232.219 21.4633 32.4507 34.8138 36.5027 0.980077 0.970724
89.2199 232.343 21.5566 32.4078 34.795 36.5186 0.980999 0.970747
111.573 226.243 26.8728 31.4029 33.8377 36.5826 0.978242 0.970973
127.574 227.434 30.6742 31.5318 33.2631 36.5634 0.9785 0.970961
170.149 246.873 40.7958 34.8788 32.0247 36.275 0.978288 0.969943
107.783 228.565 25.9698 31.8843 33.9861 36.5688 0.979114 0.970844
139.829 228.619 33.5901 32.0843 32.8687 36.5626 0.977313 0.970775
123.586 225.804 29.7307 31.8575 33.3988 36.5844 0.977659 0.970947
105.145 228.955 25.3412 31.9388 34.0925 36.5659 0.979882 0.970948
101.388 233.028 24.4477 32.8791 34.2484 36.4489 0.980745 0.970717
117.606 246.527 28.3068 34.9164 33.6119 36.2097 0.980836 0.969995
84.7072 226.579 20.4839 31.6901 35.0167 36.5622 0.98146 0.971017
90.0102 225.402 21.7449 31.4009 34.7572 36.6011 0.980686 0.971092
109.52 224.187 26.3806 31.2318 33.918 36.6027 0.980499 0.971079
96.9897 222.971 23.405 31.0034 34.4377 36.6532 0.980647 0.97127
98.8741 222.453 23.8482 30.8759 34.3562 36.6331 0.981433 0.971201
108.553 223.745 26.1533 31.2685 33.9555 36.6241 0.979891 0.971068
119.277 221.593 28.707 30.9032 33.5509 36.649 0.979015 0.971183
114.375 222.481 27.539 31.2604 33.7313 36.6431 0.979589 0.971096
128.204 222.824 30.8252 31.4319 33.2417 36.6533 0.978732 0.971124
137.313 225.024 32.9889 31.6866 32.9471 36.6082 0.978413 0.971209
103.008 227.824 24.8377 32.1631 34.1797 36.5546 0.980416 0.970809
111.183 224.593 26.7826 31.2859 33.8523 36.6465 0.978726 0.971167
114.659 225.992 27.6109 31.7917 33.72 36.6309 0.978188 0.971054
96.9485 222.545 23.3967 31.34 34.4393 36.6668 0.979708 0.971187
100.64 221.651 24.2748 31.2102 34.2792 36.6862 0.979482 0.971265
104.531 222.406 25.2001 31.2597 34.1168 36.6755 0.979383 0.971267
